"nameWithOwner","updatedAt"
"freeCodeCamp/freeCodeCamp","2020-09-16T22:00:27Z"
"996icu/996.ICU","2020-09-16T19:02:52Z"
"vuejs/vue","2020-09-16T21:11:08Z"
"EbookFoundation/free-programming-books","2020-09-16T22:01:42Z"
"facebook/react","2020-09-16T21:58:40Z"
"tensorflow/tensorflow","2020-09-16T21:58:46Z"
"twbs/bootstrap","2020-09-16T20:41:35Z"
"sindresorhus/awesome","2020-09-16T21:19:02Z"
"jwasham/coding-interview-university","2020-09-16T21:59:10Z"
"getify/You-Dont-Know-JS","2020-09-16T21:10:18Z"
"kamranahmedse/developer-roadmap","2020-09-16T22:03:47Z"
"ohmyzsh/ohmyzsh","2020-09-16T21:38:14Z"
"CyC2018/CS-Notes","2020-09-16T20:07:30Z"
"github/gitignore","2020-09-16T22:04:01Z"
"donnemartin/system-design-primer","2020-09-16T22:03:48Z"
"microsoft/vscode","2020-09-16T21:59:37Z"
"flutter/flutter","2020-09-16T21:27:09Z"
"airbnb/javascript","2020-09-16T20:34:07Z"
"torvalds/linux","2020-09-16T21:44:02Z"
"public-apis/public-apis","2020-09-16T21:57:22Z"
"d3/d3","2020-09-16T20:34:55Z"
"jackfrued/Python-100-Days","2020-09-16T19:42:47Z"
"facebook/react-native","2020-09-16T21:35:31Z"
"Snailclimb/JavaGuide","2020-09-16T19:39:07Z"
"vinta/awesome-python","2020-09-16T20:44:10Z"
"electron/electron","2020-09-16T21:56:00Z"
"TheAlgorithms/Python","2020-09-16T22:03:51Z"
"danistefanovic/build-your-own-x","2020-09-16T21:31:23Z"
"facebook/create-react-app","2020-09-16T20:46:18Z"
"trekhleb/javascript-algorithms","2020-09-16T21:59:22Z"
"jlevy/the-art-of-command-line","2020-09-16T22:03:38Z"
"axios/axios","2020-09-16T21:22:50Z"
"golang/go","2020-09-16T22:04:27Z"
"nodejs/node","2020-09-16T20:44:58Z"
"ytdl-org/youtube-dl","2020-09-16T21:09:43Z"
"kubernetes/kubernetes","2020-09-16T22:01:08Z"
"justjavac/free-programming-books-zh_CN","2020-09-16T17:15:10Z"
"animate-css/animate.css","2020-09-16T19:44:00Z"
"microsoft/terminal","2020-09-16T21:58:20Z"
"denoland/deno","2020-09-16T20:46:04Z"
"tensorflow/models","2020-09-16T22:00:41Z"
"angular/angular","2020-09-16T22:00:47Z"
"ossu/computer-science","2020-09-16T22:05:14Z"
"puppeteer/puppeteer","2020-09-16T22:01:20Z"
"microsoft/TypeScript","2020-09-16T21:58:05Z"
"FortAwesome/Font-Awesome","2020-09-16T20:23:24Z"
"mrdoob/three.js","2020-09-16T21:50:21Z"
"ant-design/ant-design","2020-09-16T20:05:35Z"
"labuladong/fucking-algorithm","2020-09-16T21:59:05Z"
"30-seconds/30-seconds-of-code","2020-09-16T21:27:21Z"
"laravel/laravel","2020-09-16T21:19:48Z"
"mui-org/material-ui","2020-09-16T21:13:15Z"
"iluwatar/java-design-patterns","2020-09-16T21:11:07Z"
"PanJiaChen/vue-element-admin","2020-09-16T19:51:37Z"
"angular/angular.js","2020-09-16T19:47:41Z"
"MisterBooo/LeetCodeAnimation","2020-09-16T21:49:16Z"
"moby/moby","2020-09-16T19:22:13Z"
"avelino/awesome-go","2020-09-16T22:04:02Z"
"vuejs/awesome-vue","2020-09-16T21:48:21Z"
"webpack/webpack","2020-09-16T15:27:01Z"
"nvbn/thefuck","2020-09-16T22:05:01Z"
"reduxjs/redux","2020-09-16T19:22:24Z"
"jquery/jquery","2020-09-16T22:00:14Z"
"apple/swift","2020-09-16T21:40:53Z"
"storybookjs/storybook","2020-09-16T20:12:10Z"
"vercel/next.js","2020-09-16T21:50:59Z"
"hakimel/reveal.js","2020-09-16T19:10:35Z"
"atom/atom","2020-09-16T22:00:19Z"
"goldbergyoni/nodebestpractices","2020-09-16T21:42:47Z"
"pallets/flask","2020-09-16T17:42:42Z"
"django/django","2020-09-16T22:04:58Z"
"elastic/elasticsearch","2020-09-16T21:56:41Z"
"socketio/socket.io","2020-09-16T19:10:19Z"
"tonsky/FiraCode","2020-09-16T20:32:42Z"
"spring-projects/spring-boot","2020-09-16T21:06:43Z"
"shadowsocks/shadowsocks-windows","2020-09-16T13:54:39Z"
"chartjs/Chart.js","2020-09-16T18:10:35Z"
"expressjs/express","2020-09-16T21:47:31Z"
"keras-team/keras","2020-09-16T20:14:51Z"
"typicode/json-server","2020-09-16T22:00:48Z"
"chrislgarry/Apollo-11","2020-09-16T19:32:23Z"
"awesome-selfhosted/awesome-selfhosted","2020-09-16T22:04:04Z"
"Semantic-Org/Semantic-UI","2020-09-16T21:48:28Z"
"netdata/netdata","2020-09-16T19:52:14Z"
"opencv/opencv","2020-09-16T21:52:42Z"
"rust-lang/rust","2020-09-16T20:18:31Z"
"adam-p/markdown-here","2020-09-16T21:11:42Z"
"httpie/httpie","2020-09-16T21:15:59Z"
"kdn251/interviews","2020-09-16T18:17:46Z"
"xingshaocheng/architect-awesome","2020-09-16T16:14:00Z"
"doocs/advanced-java","2020-09-16T17:15:10Z"
"ElemeFE/element","2020-09-16T16:37:47Z"
"gatsbyjs/gatsby","2020-09-16T20:15:45Z"
"gothinkster/realworld","2020-09-16T21:32:29Z"
"h5bp/html5-boilerplate","2020-09-16T21:42:29Z"
"gohugoio/hugo","2020-09-16T19:22:14Z"
"josephmisiti/awesome-machine-learning","2020-09-16T21:35:57Z"
"lodash/lodash","2020-09-16T19:57:48Z"
"rails/rails","2020-09-16T21:59:30Z"
"resume/resume.github.com","2020-09-16T22:02:05Z""nameWithOwner","updatedAt"
"h5bp/Front-end-Developer-Interview-Questions","2020-09-16T22:04:11Z"
"redis/redis","2020-09-16T19:44:14Z"
"bitcoin/bitcoin","2020-09-16T22:00:59Z"
"yangshun/tech-interview-handbook","2020-09-16T16:12:25Z"
"moment/moment","2020-09-16T21:46:49Z"
"ansible/ansible","2020-09-16T21:41:02Z"
"nvm-sh/nvm","2020-09-16T21:27:33Z"
"protocolbuffers/protobuf","2020-09-16T19:22:20Z"
"psf/requests","2020-09-16T17:48:57Z"
"kelseyhightower/nocode","2020-09-16T22:01:23Z"
"ReactiveX/RxJava","2020-09-16T15:43:55Z"
"papers-we-love/papers-we-love","2020-09-16T19:59:02Z"
"apache/incubator-echarts","2020-09-16T14:31:47Z"
"thedaviddias/Front-End-Checklist","2020-09-16T18:12:19Z"
"mtdvio/every-programmer-should-know","2020-09-16T19:49:50Z"
"scikit-learn/scikit-learn","2020-09-16T19:57:34Z"
"meteor/meteor","2020-09-16T20:59:49Z"
"pytorch/pytorch","2020-09-16T21:41:06Z"
"ionic-team/ionic-framework","2020-09-16T12:57:18Z"
"gin-gonic/gin","2020-09-16T16:32:35Z"
"ReactTraining/react-router","2020-09-16T20:59:40Z"
"jekyll/jekyll","2020-09-16T20:15:36Z"
"jgthms/bulma","2020-09-16T20:15:23Z"
"google/material-design-icons","2020-09-16T22:05:25Z"
"macrozheng/mall","2020-09-16T16:23:44Z"
"awesomedata/awesome-public-datasets","2020-09-16T21:13:46Z"
"scutan90/DeepLearning-500-questions","2020-09-16T15:40:05Z"
"necolas/normalize.css","2020-09-16T21:40:45Z"
"Hack-with-Github/Awesome-Hacking","2020-09-16T20:28:01Z"
"NARKOZ/hacker-scripts","2020-09-16T14:13:24Z"
"spring-projects/spring-framework","2020-09-16T18:44:46Z"
"ryanmcdermott/clean-code-javascript","2020-09-16T21:25:27Z"
"jaywcjlove/awesome-mac","2020-09-16T17:30:40Z"
"enaqx/awesome-react","2020-09-16T21:36:40Z"
"fatedier/frp","2020-09-16T20:25:55Z"
"yarnpkg/yarn","2020-09-16T18:54:50Z"
"aymericdamien/TensorFlow-Examples","2020-09-16T18:49:20Z"
"wasabeef/awesome-android-ui","2020-09-16T19:27:40Z"
"google/guava","2020-09-16T21:47:38Z"
"ripienaar/free-for-dev","2020-09-16T21:01:35Z"
"neovim/neovim","2020-09-16T20:59:18Z"
"scrapy/scrapy","2020-09-16T21:33:06Z"
"square/okhttp","2020-09-16T19:16:36Z"
"sindresorhus/awesome-nodejs","2020-09-16T21:25:07Z"
"Dogfalo/materialize","2020-09-16T20:31:31Z"
"minimaxir/big-list-of-naughty-strings","2020-09-16T14:37:00Z"
"prettier/prettier","2020-09-16T21:27:45Z"
"babel/babel","2020-09-16T19:22:21Z"
"serverless/serverless","2020-09-16T19:45:56Z"
"Genymobile/scrcpy","2020-09-16T22:01:46Z"
"android/architecture-samples","2020-09-16T18:09:04Z"
"tuvtran/project-based-learning","2020-09-16T21:47:33Z"
"nwjs/nw.js","2020-09-16T21:55:47Z"
"grafana/grafana","2020-09-16T18:28:21Z"
"microsoft/PowerToys","2020-09-16T21:47:35Z"
"sveltejs/svelte","2020-09-16T19:43:26Z"
"juliangarnier/anime","2020-09-16T17:28:12Z"
"FreeCodeCampChina/freecodecamp.cn","2020-09-16T03:20:56Z"
"parcel-bundler/parcel","2020-09-16T18:19:34Z"
"square/retrofit","2020-09-16T19:28:42Z"
"azl397985856/leetcode","2020-09-16T19:38:01Z"
"tesseract-ocr/tesseract","2020-09-16T21:48:13Z"
"ageitgey/face_recognition","2020-09-16T19:41:17Z"
"ColorlibHQ/AdminLTE","2020-09-16T20:07:11Z"
"ziishaned/learn-regex","2020-09-16T18:16:39Z"
"MaximAbramchuck/awesome-interview-questions","2020-09-16T20:12:26Z"
"impress/impress.js","2020-09-16T09:55:43Z"
"vsouza/awesome-ios","2020-09-16T19:00:53Z"
"astaxie/build-web-application-with-golang","2020-09-16T18:19:27Z"
"x64dbg/x64dbg","2020-09-16T20:53:16Z"
"home-assistant/core","2020-09-16T21:34:21Z"
"gogs/gogs","2020-09-16T18:37:47Z"
"nodejs/node-v0.x-archive","2020-09-14T21:19:24Z"
"cdr/code-server","2020-09-16T21:47:06Z"
"v2ray/v2ray-core","2020-09-16T16:40:22Z"
"soimort/you-get","2020-09-16T21:30:17Z"
"prakhar1989/awesome-courses","2020-09-16T18:26:38Z"
"TryGhost/Ghost","2020-09-16T20:51:10Z"
"bailicangdu/vue2-elm","2020-09-16T15:58:34Z"
"Alamofire/Alamofire","2020-09-16T22:05:12Z"
"vercel/hyper","2020-09-16T22:04:24Z"
"git/git","2020-09-16T22:00:28Z"
"k88hudson/git-flight-rules","2020-09-16T15:26:33Z"
"sdmg15/Best-websites-a-programmer-should-visit","2020-09-16T15:17:25Z"
"huggingface/transformers","2020-09-16T21:24:30Z"
"trimstray/the-book-of-secret-knowledge","2020-09-16T21:39:18Z"
"apache/dubbo","2020-09-16T17:15:36Z"
"521xueweihan/HelloGitHub","2020-09-16T18:40:28Z"
"python/cpython","2020-09-16T21:39:41Z"
"JetBrains/kotlin","2020-09-16T22:04:08Z"
"godotengine/godot","2020-09-16T21:50:06Z"
"Unitech/pm2","2020-09-16T18:42:02Z"
"leonardomso/33-js-concepts","2020-09-16T22:02:51Z"
"syncthing/syncthing","2020-09-16T21:21:32Z"
"AFNetworking/AFNetworking","2020-09-16T19:22:12Z"
"prometheus/prometheus","2020-09-16T19:13:34Z"
"justjavac/awesome-wechat-weapp","2020-09-16T10:20:59Z"
"etcd-io/etcd","2020-09-16T19:22:15Z"
"shadowsocks/shadowsocks","2020-09-16T14:52:59Z"
"facebook/jest","2020-09-16T19:22:17Z""nameWithOwner","updatedAt"
"deepfakes/faceswap","2020-09-16T19:58:57Z"
"mozilla/pdf.js","2020-09-16T19:31:53Z"
"mermaid-js/mermaid","2020-09-16T17:59:20Z"
"adobe/brackets","2020-09-16T18:54:17Z"
"gulpjs/gulp","2020-09-16T16:34:32Z"
"junegunn/fzf","2020-09-16T21:09:53Z"
"PhilJay/MPAndroidChart","2020-09-16T20:30:14Z"
"google/material-design-lite","2020-09-16T12:48:10Z"
"karan/Projects","2020-09-16T19:35:42Z"
"algorithm-visualizer/algorithm-visualizer","2020-09-16T17:01:56Z"
"discourse/discourse","2020-09-16T22:04:29Z"
"hexojs/hexo","2020-09-16T21:08:05Z"
"slatedocs/slate","2020-09-16T20:16:02Z"
"styled-components/styled-components","2020-09-16T21:26:28Z"
"Solido/awesome-flutter","2020-09-16T20:30:50Z"
"BVLC/caffe","2020-09-16T11:33:01Z"
"blueimp/jQuery-File-Upload","2020-09-16T19:50:03Z"
"alvarotrigo/fullPage.js","2020-09-16T11:04:33Z"
"sahat/hackathon-starter","2020-09-16T17:41:57Z"
"traefik/traefik","2020-09-16T22:04:31Z"
"tiimgreen/github-cheat-sheet","2020-09-16T10:13:11Z"
"pixijs/pixi.js","2020-09-16T20:31:59Z"
"florinpop17/app-ideas","2020-09-16T21:53:21Z"
"XX-net/XX-Net","2020-09-16T13:59:07Z"
"shadowsocks/shadowsocks-android","2020-09-16T15:41:20Z"
"immutable-js/immutable-js","2020-09-16T18:54:29Z"
"nuxt/nuxt.js","2020-09-16T20:27:51Z"
"nestjs/nest","2020-09-16T22:01:42Z"
"Trinea/android-open-project","2020-09-16T09:50:32Z"
"Avik-Jain/100-Days-Of-ML-Code","2020-09-16T21:41:53Z"
"apache/incubator-superset","2020-09-16T22:04:37Z"
"caddyserver/caddy","2020-09-16T21:06:57Z"
"TheAlgorithms/Java","2020-09-16T21:35:40Z"
"koajs/koa","2020-09-16T18:17:26Z"
"DefinitelyTyped/DefinitelyTyped","2020-09-16T22:05:02Z"
"chinese-poetry/chinese-poetry","2020-09-16T17:00:40Z"
"bumptech/glide","2020-09-16T19:34:46Z"
"fastlane/fastlane","2020-09-16T20:22:58Z"
"airbnb/lottie-android","2020-09-16T20:54:11Z"
"exacity/deeplearningbook-chinese","2020-09-16T14:21:33Z"
"videojs/video.js","2020-09-16T14:21:22Z"
"huginn/huginn","2020-09-16T15:32:34Z"
"JuliaLang/julia","2020-09-16T21:42:51Z"
"zenorocha/clipboard.js","2020-09-16T16:38:33Z"
"kamranahmedse/design-patterns-for-humans","2020-09-16T21:08:35Z"
"iamkun/dayjs","2020-09-16T21:55:46Z"
"strapi/strapi","2020-09-16T21:46:10Z"
"Leaflet/Leaflet","2020-09-16T22:04:34Z"
"0voice/interview_internal_reference","2020-09-16T15:25:24Z"
"foundation/foundation-sites","2020-09-16T18:52:24Z"
"testerSunshine/12306","2020-09-16T12:06:09Z"
"isocpp/CppCoreGuidelines","2020-09-16T21:53:24Z"
"shadowsocks/ShadowsocksX-NG","2020-09-16T09:01:39Z"
"tldr-pages/tldr","2020-09-16T20:40:32Z"
"floodsung/Deep-Learning-Papers-Reading-Roadmap","2020-09-16T19:53:38Z"
"RocketChat/Rocket.Chat","2020-09-16T20:51:13Z"
"php/php-src","2020-09-16T19:29:05Z"
"photonstorm/phaser","2020-09-16T20:57:20Z"
"jondot/awesome-react-native","2020-09-16T21:06:13Z"
"Blankj/AndroidUtilCode","2020-09-16T19:37:18Z"
"ariya/phantomjs","2020-09-16T20:27:39Z"
"lukehoban/es6features","2020-09-16T19:22:18Z"
"Homebrew/legacy-homebrew","2020-09-16T19:43:05Z"
"jashkenas/backbone","2020-09-16T08:24:06Z"
"quilljs/quill","2020-09-16T19:22:13Z"
"dypsilon/frontend-dev-bookmarks","2020-09-16T20:30:41Z"
"vuetifyjs/vuetify","2020-09-16T20:41:30Z"
"grpc/grpc","2020-09-16T22:05:08Z"
"tailwindlabs/tailwindcss","2020-09-16T21:22:49Z"
"apache/spark","2020-09-16T21:57:26Z"
"fffaraz/awesome-cpp","2020-09-16T19:30:35Z"
"joshbuchea/HEAD","2020-09-16T13:18:44Z"
"binhnguyennus/awesome-scalability","2020-09-16T22:04:46Z"
"bilibili/ijkplayer","2020-09-16T14:06:23Z"
"open-guides/og-aws","2020-09-16T17:46:55Z"
"alex/what-happens-when","2020-09-16T20:39:35Z"
"certbot/certbot","2020-09-16T21:21:36Z"
"preactjs/preact","2020-09-16T21:12:03Z"
"xitu/gold-miner","2020-09-16T14:07:58Z"
"codepath/android_guides","2020-09-16T19:37:30Z"
"NervJS/taro","2020-09-16T15:04:56Z"
"Kong/kong","2020-09-16T20:27:06Z"
"apachecn/AiLearning","2020-09-16T15:45:06Z"
"tastejs/todomvc","2020-09-16T21:13:58Z"
"danielmiessler/SecLists","2020-09-16T18:55:46Z"
"ethereum/go-ethereum","2020-09-16T14:42:34Z"
"caolan/async","2020-09-16T15:04:07Z"
"bayandin/awesome-awesomeness","2020-09-16T13:53:23Z"
"pandas-dev/pandas","2020-09-16T21:52:33Z"
"ant-design/ant-design-pro","2020-09-16T16:25:27Z"
"localstack/localstack","2020-09-16T22:04:51Z"
"vuejs/vue-cli","2020-09-16T17:23:07Z"
"react-boilerplate/react-boilerplate","2020-09-16T15:16:59Z"
"wg/wrk","2020-09-16T21:04:18Z"
"zxing/zxing","2020-09-16T19:37:39Z"
"akullpp/awesome-java","2020-09-16T22:04:49Z"
"getsentry/sentry","2020-09-16T21:27:58Z"
"kenwheeler/slick","2020-09-16T21:48:24Z"
"faif/python-patterns","2020-09-16T19:10:14Z"
"yangshun/front-end-interview-handbook","2020-09-16T21:51:40Z""nameWithOwner","updatedAt"
"ngosang/trackerslist","2020-09-16T16:59:00Z"
"FiloSottile/mkcert","2020-09-16T21:12:14Z"
"shengxinjing/programmer-job-blacklist","2020-09-16T12:44:15Z"
"Alvin9999/new-pac","2020-09-16T16:58:02Z"
"proxyee-down-org/proxyee-down","2020-09-16T16:53:08Z"
"jashkenas/underscore","2020-09-15T13:34:07Z"
"dcloudio/uni-app","2020-09-16T21:45:44Z"
"jakevdp/PythonDataScienceHandbook","2020-09-16T17:54:07Z"
"aosabook/500lines","2020-09-16T13:10:19Z"
"JakeWharton/butterknife","2020-09-16T19:19:33Z"
"google/styleguide","2020-09-16T22:02:40Z"
"3b1b/manim","2020-09-16T16:59:40Z"
"carbon-app/carbon","2020-09-16T20:58:08Z"
"square/leakcanary","2020-09-16T17:34:41Z"
"dylanaraps/pure-bash-bible","2020-09-16T22:04:59Z"
"alacritty/alacritty","2020-09-16T21:13:49Z"
"crossoverJie/JCSprout","2020-09-16T19:38:15Z"
"pingcap/tidb","2020-09-16T19:36:04Z"
"Marak/faker.js","2020-09-16T19:58:00Z"
"pi-hole/pi-hole","2020-09-16T21:50:41Z"
"Tencent/weui","2020-09-16T10:26:48Z"
"kon9chunkit/GitHub-Chinese-Top-Charts","2020-09-16T13:54:02Z"
"google-research/bert","2020-09-16T19:03:12Z"
"astaxie/beego","2020-09-16T16:31:13Z"
"iina/iina","2020-09-16T22:05:03Z"
"request/request","2020-09-16T19:44:08Z"
"nolimits4web/swiper","2020-09-16T21:59:48Z"
"madewithml/basics","2020-09-16T20:12:06Z"
"vuejs/vuex","2020-09-16T14:32:25Z"
"dkhamsing/open-source-ios-apps","2020-09-16T20:28:43Z"
"netty/netty","2020-09-16T18:30:14Z"
"fzaninotto/Faker","2020-09-16T20:19:01Z"
"jiahaog/nativefier","2020-09-16T13:17:19Z"
"select2/select2","2020-09-16T19:29:05Z"
"formium/formik","2020-09-16T21:10:32Z"
"nylas/nylas-mail","2020-09-15T17:56:25Z"
"Modernizr/Modernizr","2020-09-16T18:52:24Z"
"lerna/lerna","2020-09-16T21:11:35Z"
"fighting41love/funNLP","2020-09-16T17:23:12Z"
"houshanren/hangzhou_house_knowledge","2020-09-16T11:55:07Z"
"standard/standard","2020-09-16T20:07:19Z"
"nvie/gitflow","2020-09-16T20:36:04Z"
"ZuzooVn/machine-learning-for-software-engineers","2020-09-16T19:35:06Z"
"istio/istio","2020-09-16T21:24:17Z"
"johnpapa/angular-styleguide","2020-09-16T20:37:55Z"
"ziadoz/awesome-php","2020-09-16T13:55:43Z"
"fxsjy/jieba","2020-09-16T15:58:21Z"
"CSSEGISandData/COVID-19","2020-09-16T22:05:07Z"
"rethinkdb/rethinkdb","2020-09-16T19:22:13Z"
"mathiasbynens/dotfiles","2020-09-16T21:46:24Z"
"github/fetch","2020-09-16T13:37:47Z"
"herrbischoff/awesome-macos-command-line","2020-09-16T16:33:17Z"
"symfony/symfony","2020-09-16T16:15:21Z"
"minio/minio","2020-09-16T19:59:18Z"
"freeCodeCamp/devdocs","2020-09-16T15:40:10Z"
"composer/composer","2020-09-16T20:18:58Z"
"angular/angular-cli","2020-09-16T19:38:39Z"
"hashicorp/terraform","2020-09-16T20:37:49Z"
"brillout/awesome-react-components","2020-09-16T20:39:55Z"
"facebookresearch/Detectron","2020-09-16T14:12:44Z"
"ryanoasis/nerd-fonts","2020-09-16T22:05:21Z"
"ityouknow/spring-boot-examples","2020-09-16T17:46:00Z"
"raywenderlich/swift-algorithm-club","2020-09-16T21:17:34Z"
"ocornut/imgui","2020-09-16T21:29:58Z"
"date-fns/date-fns","2020-09-16T20:59:32Z"
"hoppscotch/hoppscotch","2020-09-16T21:23:31Z"
"iview/iview","2020-09-16T18:15:12Z"
"serhii-londar/open-source-mac-os-apps","2020-09-16T19:20:32Z"
"skylot/jadx","2020-09-16T15:13:12Z"
"rclone/rclone","2020-09-16T18:42:14Z"
"danielgindi/Charts","2020-09-16T21:33:06Z"
"markedjs/marked","2020-09-16T08:22:39Z"
"IanLunn/Hover","2020-09-16T21:16:50Z"
"alibaba/p3c","2020-09-16T21:58:57Z"
"postcss/postcss","2020-09-16T21:44:50Z"
"cypress-io/cypress","2020-09-16T18:38:45Z"
"transloadit/uppy","2020-09-16T21:14:15Z"
"SDWebImage/SDWebImage","2020-09-16T20:57:16Z"
"Homebrew/brew","2020-09-16T20:30:38Z"
"alibaba/arthas","2020-09-16T08:10:22Z"
"elsewhencode/project-guidelines","2020-09-16T22:00:39Z"
"unknwon/the-way-to-go_ZH_CN","2020-09-16T14:51:22Z"
"MunGell/awesome-for-beginners","2020-09-16T21:48:30Z"
"CodeHubApp/CodeHub","2020-09-16T17:53:04Z"
"kelseyhightower/kubernetes-the-hard-way","2020-09-16T21:01:12Z"
"ReactiveX/rxjs","2020-09-16T17:01:29Z"
"GitbookIO/gitbook","2020-09-16T18:55:21Z"
"agalwood/Motrix","2020-09-16T21:51:58Z"
"greenrobot/EventBus","2020-09-16T21:13:21Z"
"eugenp/tutorials","2020-09-16T22:01:26Z"
"sequelize/sequelize","2020-09-16T21:02:22Z"
"lib-pku/libpku","2020-09-16T14:34:02Z"
"SheetJS/sheetjs","2020-09-16T19:17:39Z"
"lydiahallie/javascript-questions","2020-09-16T21:50:23Z"
"sharkdp/bat","2020-09-16T20:01:34Z"
"amix/vimrc","2020-09-16T19:26:25Z"
"webtorrent/webtorrent","2020-09-16T15:53:08Z"
"cheeriojs/cheerio","2020-09-16T19:22:12Z"
"geekcompany/ResumeSample","2020-09-16T13:57:19Z"
"VincentGarreau/particles.js","2020-09-16T21:14:37Z""nameWithOwner","updatedAt"
"mobxjs/mobx","2020-09-16T15:10:40Z"
"sentsin/layui","2020-09-16T15:35:36Z"
"alibaba/fastjson","2020-09-16T19:38:00Z"
"gitlabhq/gitlabhq","2020-09-16T21:10:45Z"
"ctripcorp/apollo","2020-09-16T19:34:24Z"
"metabase/metabase","2020-09-16T21:28:08Z"
"alibaba/druid","2020-09-16T15:42:31Z"
"NationalSecurityAgency/ghidra","2020-09-16T20:28:50Z"
"openai/gym","2020-09-16T18:53:30Z"
"wagoodman/dive","2020-09-16T21:46:27Z"
"harvesthq/chosen","2020-09-16T04:37:11Z"
"PowerShell/PowerShell","2020-09-16T19:02:43Z"
"laravel/framework","2020-09-16T21:29:26Z"
"ajaxorg/ace","2020-09-16T14:10:32Z"
"naptha/tesseract.js","2020-09-16T18:59:13Z"
"alibaba/flutter-go","2020-09-16T14:42:27Z"
"formulahendry/955.WLB","2020-09-16T18:31:28Z"
"airbnb/lottie-web","2020-09-16T21:58:50Z"
"terryum/awesome-deep-learning-papers","2020-09-16T19:58:29Z"
"tabler/tabler","2020-09-16T19:30:52Z"
"tootsuite/mastodon","2020-09-16T18:40:17Z"
"ycm-core/YouCompleteMe","2020-09-16T15:04:38Z"
"CamDavidsonPilon/Probabilistic-Programming-and-Bayesian-Methods-for-Hackers","2020-09-16T20:35:16Z"
"obsproject/obs-studio","2020-09-16T20:50:23Z"
"drone/drone","2020-09-16T19:22:17Z"
"0xAX/linux-insides","2020-09-16T18:51:31Z"
"hammerjs/hammer.js","2020-09-16T14:55:01Z"
"gorhill/uBlock","2020-09-16T17:05:53Z"
"google/leveldb","2020-09-16T17:11:52Z"
"VundleVim/Vundle.vim","2020-09-16T19:15:16Z"
"facebookresearch/fastText","2020-09-16T16:39:26Z"
"rstacruz/nprogress","2020-09-16T12:21:04Z"
"StreisandEffect/streisand","2020-09-16T13:58:37Z"
"realpython/python-guide","2020-09-16T16:00:41Z"
"BurntSushi/ripgrep","2020-09-16T17:22:01Z"
"niklasvh/html2canvas","2020-09-16T11:48:46Z"
"microsoft/monaco-editor","2020-09-16T21:19:45Z"
"emberjs/ember.js","2020-09-16T20:41:01Z"
"rapid7/metasploit-framework","2020-09-16T21:12:24Z"
"balderdashy/sails","2020-09-16T15:35:12Z"
"satwikkansal/wtfpython","2020-09-16T16:33:35Z"
"scwang90/SmartRefreshLayout","2020-09-16T14:33:12Z"
"Automattic/mongoose","2020-09-16T17:04:21Z"
"cmderdev/cmder","2020-09-16T19:41:14Z"
"Polymer/polymer","2020-09-16T12:19:28Z"
"vim/vim","2020-09-16T21:23:49Z"
"koalaman/shellcheck","2020-09-16T19:47:35Z"
"akveo/ngx-admin","2020-09-16T20:16:52Z"
"remy/nodemon","2020-09-16T18:26:06Z"
"go-gitea/gitea","2020-09-16T18:03:48Z"
"FFmpeg/FFmpeg","2020-09-16T19:32:13Z"
"heartcombo/devise","2020-09-16T06:06:09Z"
"codemirror/CodeMirror","2020-09-16T16:29:24Z"
"pure-css/pure","2020-09-16T16:16:07Z"
"fouber/blog","2020-09-16T11:00:21Z"
"ageron/handson-ml","2020-09-16T18:45:08Z"
"sorrycc/awesome-javascript","2020-09-16T19:46:33Z"
"tiangolo/fastapi","2020-09-16T21:17:29Z"
"t4t5/sweetalert","2020-09-16T16:19:14Z"
"pypa/pipenv","2020-09-16T20:59:25Z"
"SortableJS/Sortable","2020-09-16T17:20:32Z"
"JedWatson/react-select","2020-09-16T16:33:40Z"
"facebook/flow","2020-09-16T10:16:38Z"
"aria2/aria2","2020-09-16T15:39:16Z"
"typeorm/typeorm","2020-09-16T20:42:16Z"
"ggreer/the_silver_searcher","2020-09-16T16:46:12Z"
"redux-saga/redux-saga","2020-09-16T20:59:07Z"
"littlecodersh/ItChat","2020-09-16T15:27:29Z"
"donnemartin/interactive-coding-challenges","2020-09-16T20:52:00Z"
"kahun/awesome-sysadmin","2020-09-16T08:55:28Z"
"CymChad/BaseRecyclerViewAdapterHelper","2020-09-16T17:41:59Z"
"go-gorm/gorm","2020-09-16T16:58:09Z"
"GoogleChrome/lighthouse","2020-09-16T21:51:30Z"
"atlassian/react-beautiful-dnd","2020-09-16T20:51:50Z"
"hankcs/HanLP","2020-09-16T15:00:03Z"
"pyenv/pyenv","2020-09-16T21:26:45Z"
"docker/compose","2020-09-16T15:50:29Z"
"Tencent/wepy","2020-09-16T04:35:15Z"
"syl20bnr/spacemacs","2020-09-16T20:46:06Z"
"hashicorp/vagrant","2020-09-16T14:42:09Z"
"junegunn/vim-plug","2020-09-16T19:37:11Z"
"ovity/octotree","2020-09-16T20:19:52Z"
"Advanced-Frontend/Daily-Interview-Question","2020-09-16T17:01:31Z"
"goabstract/Awesome-Design-Tools","2020-09-16T08:40:16Z"
"airbnb/lottie-ios","2020-09-16T10:41:41Z"
"dimsemenov/PhotoSwipe","2020-09-16T18:30:20Z"
"kriasoft/react-starter-kit","2020-09-16T21:47:59Z"
"sindresorhus/awesome-electron","2020-09-16T11:42:55Z"
"typicode/husky","2020-09-16T20:33:01Z"
"jgm/pandoc","2020-09-16T20:56:08Z"
"angular/components","2020-09-16T20:33:04Z"
"Netflix/Hystrix","2020-09-16T16:59:20Z"
"nlohmann/json","2020-09-16T18:51:55Z"
"github/hub","2020-09-16T19:14:00Z"
"mbeaudru/modern-js-cheatsheet","2020-09-16T21:01:26Z"
"microsoft/calculator","2020-09-16T17:41:50Z"
"FezVrasta/bootstrap-material-design","2020-09-16T16:59:31Z"
"powerline/fonts","2020-09-16T16:43:57Z"
"hashicorp/consul","2020-09-16T19:22:16Z"
"google/iosched","2020-09-16T19:44:49Z""nameWithOwner","updatedAt"
"alebcay/awesome-shell","2020-09-16T21:10:04Z"
"bevacqua/dragula","2020-09-16T03:39:51Z"
"reduxjs/react-redux","2020-09-16T18:48:50Z"
"Meituan-Dianping/mpvue","2020-09-16T17:16:32Z"
"mqyqingfeng/Blog","2020-09-16T16:26:25Z"
"SwiftyJSON/SwiftyJSON","2020-09-16T15:59:17Z"
"bvaughn/react-virtualized","2020-09-16T15:00:07Z"
"jobbole/awesome-python-cn","2020-09-16T14:46:39Z"
"mitmproxy/mitmproxy","2020-09-16T17:53:07Z"
"MrRio/jsPDF","2020-09-16T20:49:00Z"
"iptv-org/iptv","2020-09-16T21:02:04Z"
"guzzle/guzzle","2020-09-16T20:19:01Z"
"ReactiveCocoa/ReactiveCocoa","2020-09-16T15:58:41Z"
"facebookarchive/pop","2020-09-16T12:01:31Z"
"mochajs/mocha","2020-09-16T08:50:17Z"
"bradtraversy/design-resources-for-developers","2020-09-16T18:47:09Z"
"dmlc/xgboost","2020-09-16T17:45:22Z"
"iperov/DeepFaceLab","2020-09-16T17:06:11Z"
"googlehosts/hosts","2020-09-16T15:17:27Z"
"dokku/dokku","2020-09-16T19:46:09Z"
"Reactive-Extensions/RxJS","2020-09-16T07:42:47Z"
"matteocrippa/awesome-swift","2020-09-16T19:11:14Z"
"markerikson/react-redux-links","2020-09-16T03:20:50Z"
"SwiftGGTeam/the-swift-programming-language-in-chinese","2020-09-16T14:15:12Z"
"emscripten-core/emscripten","2020-09-16T22:02:00Z"
"byoungd/English-level-up-tips-for-Chinese","2020-09-16T15:39:36Z"
"railsware/upterm","2020-09-16T13:53:42Z"
"influxdata/influxdb","2020-09-16T20:05:13Z"
"pugjs/pug","2020-09-16T17:48:29Z"
"ColorlibHQ/gentelella","2020-09-16T09:59:09Z"
"usablica/intro.js","2020-09-16T11:26:22Z"
"donnemartin/data-science-ipython-notebooks","2020-09-16T21:25:47Z"
"jgraph/drawio","2020-09-16T19:44:26Z"
"BradLarson/GPUImage","2020-09-16T03:30:28Z"
"ramda/ramda","2020-09-16T17:15:48Z"
"CorentinJ/Real-Time-Voice-Cloning","2020-09-16T21:57:18Z"
"fastai/fastai","2020-09-16T19:57:32Z"
"paularmstrong/normalizr","2020-09-16T15:45:21Z"
"tornadoweb/tornado","2020-09-16T07:00:05Z"
"vapor/vapor","2020-09-16T17:39:48Z"
"julycoding/The-Art-Of-Programming-By-July","2020-09-16T18:51:35Z"
"react-native-elements/react-native-elements","2020-09-16T16:47:06Z"
"chubin/cheat.sh","2020-09-16T20:08:16Z"
"nagadomi/waifu2x","2020-09-16T15:33:15Z"
"petkaantonov/bluebird","2020-09-16T06:59:10Z"
"doczjs/docz","2020-09-16T20:01:24Z"
"FallibleInc/security-guide-for-developers","2020-09-16T19:51:33Z"
"lukasz-madon/awesome-remote-job","2020-09-16T21:42:10Z"
"nefe/You-Dont-Need-jQuery","2020-09-16T07:13:31Z"
"trailofbits/algo","2020-09-16T20:06:19Z"
"inconshreveable/ngrok","2020-09-16T20:44:08Z"
"dotnet/aspnetcore","2020-09-16T21:47:28Z"
"pcottle/learnGitBranching","2020-09-16T21:36:25Z"
"tipsy/profile-summary-for-github","2020-09-16T16:58:23Z"
"wsargent/docker-cheat-sheet","2020-09-16T21:37:01Z"
"futurice/android-best-practices","2020-09-16T18:40:32Z"
"ReactiveX/RxAndroid","2020-09-16T17:41:05Z"
"acmesh-official/acme.sh","2020-09-16T21:10:08Z"
"ReactiveX/RxSwift","2020-09-16T19:45:50Z"
"kubernetes/minikube","2020-09-16T22:02:06Z"
"enzymejs/enzyme","2020-09-16T19:32:23Z"
"facebook/docusaurus","2020-09-16T19:22:32Z"
"domnikl/DesignPatternsPHP","2020-09-16T20:31:08Z"
"jlmakes/scrollreveal","2020-09-16T08:06:38Z"
"SamyPesse/How-to-Make-a-Computer-Operating-System","2020-09-16T18:51:32Z"
"NativeScript/NativeScript","2020-09-16T21:46:28Z"
"kataras/iris","2020-09-16T17:27:06Z"
"apache/incubator-mxnet","2020-09-16T13:34:39Z"
"cockroachdb/cockroach","2020-09-16T21:17:01Z"
"mattermost/mattermost-server","2020-09-16T19:49:51Z"
"HeroTransitions/Hero","2020-09-16T20:55:43Z"
"rollup/rollup","2020-09-16T15:34:12Z"
"QSCTech/zju-icicles","2020-09-16T20:36:53Z"
"tmux/tmux","2020-09-16T21:26:19Z"
"facebook/draft-js","2020-09-16T21:19:38Z"
"feathericons/feather","2020-09-16T21:33:37Z"
"postcss/autoprefixer","2020-09-16T14:27:56Z"
"chenglou/react-motion","2020-09-16T18:35:30Z"
"encode/django-rest-framework","2020-09-16T21:05:50Z"
"MostlyAdequate/mostly-adequate-guide","2020-09-16T21:15:52Z"
"react-navigation/react-navigation","2020-09-16T18:09:31Z"
"pjreddie/darknet","2020-09-16T17:14:01Z"
"OAI/OpenAPI-Specification","2020-09-16T19:22:18Z"
"odoo/odoo","2020-09-16T19:59:28Z"
"cfenollosa/os-tutorial","2020-09-16T19:23:04Z"
"tj/commander.js","2020-09-16T19:23:07Z"
"d2l-ai/d2l-zh","2020-09-16T08:42:08Z"
"geekcomputers/Python","2020-09-16T19:34:20Z"
"balena-io/etcher","2020-09-16T20:37:22Z"
"SeleniumHQ/selenium","2020-09-16T22:03:17Z"
"AobingJava/JavaFamily","2020-09-16T16:23:06Z"
"hasura/graphql-engine","2020-09-16T21:57:53Z"
"denysdovhan/wtfjs","2020-09-16T19:22:57Z"
"vlang/v","2020-09-16T21:33:45Z"
"JohnCoates/Aerial","2020-09-16T19:54:53Z"
"fengdu78/Coursera-ML-AndrewNg-Notes","2020-09-16T15:15:39Z"
"ruanyf/es6tutorial","2020-09-16T07:18:08Z"
"mongodb/mongo","2020-09-16T21:43:04Z"
"segmentio/nightmare","2020-09-16T09:41:08Z"
"CMU-Perceptual-Computing-Lab/openpose","2020-09-16T16:59:00Z""nameWithOwner","updatedAt"
"google/web-starter-kit","2020-09-11T12:49:24Z"
"ianstormtaylor/slate","2020-09-16T18:50:50Z"
"google/gson","2020-09-16T21:04:28Z"
"lenve/vhr","2020-09-16T17:21:57Z"
"bannedbook/fanqiang","2020-09-16T16:46:04Z"
"spf13/cobra","2020-09-16T18:31:18Z"
"veggiemonk/awesome-docker","2020-09-16T20:56:46Z"
"Prinzhorn/skrollr","2020-09-16T14:46:27Z"
"bilibili/flv.js","2020-09-16T14:16:19Z"
"swagger-api/swagger-ui","2020-09-16T19:55:40Z"
"verekia/js-stack-from-scratch","2020-09-16T19:18:28Z"
"nsqio/nsq","2020-09-16T19:22:12Z"
"openfaas/faas","2020-09-16T21:41:19Z"
"android/architecture-components-samples","2020-09-16T19:39:59Z"
"xi-editor/xi-editor","2020-09-16T15:00:26Z"
"react-bootstrap/react-bootstrap","2020-09-16T14:34:36Z"
"ftlabs/fastclick","2020-09-16T09:52:41Z"
"avajs/ava","2020-09-16T14:59:41Z"
"vuejs/vue-devtools","2020-09-16T20:21:55Z"
"Wox-launcher/Wox","2020-09-16T15:24:24Z"
"apache/airflow","2020-09-16T21:30:44Z"
"pmndrs/react-spring","2020-09-16T21:23:12Z"
"sqlmapproject/sqlmap","2020-09-16T18:11:19Z"
"poteto/hiring-without-whiteboards","2020-09-16T22:00:49Z"
"afollestad/material-dialogs","2020-09-16T17:57:02Z"
"labstack/echo","2020-09-16T18:06:45Z"
"jorgebucaran/hyperapp","2020-09-16T21:10:07Z"
"curl/curl","2020-09-16T21:36:23Z"
"ipfs/ipfs","2020-09-16T11:22:34Z"
"bcit-ci/CodeIgniter","2020-09-16T21:49:03Z"
"sampotts/plyr","2020-09-16T18:30:14Z"
"komeiji-satori/Dress","2020-09-16T16:25:04Z"
"yunjey/pytorch-tutorial","2020-09-16T21:10:18Z"
"jamiebuilds/the-super-tiny-compiler","2020-09-16T21:33:26Z"
"go-kit/kit","2020-09-16T19:00:36Z"
"golang-standards/project-layout","2020-09-16T21:56:57Z"
"helm/helm","2020-09-16T19:49:44Z"
"jaredhanson/passport","2020-09-16T21:16:26Z"
"dotnet/corefx","2020-09-16T14:20:45Z"
"felixrieseberg/windows95","2020-09-16T18:23:49Z"
"mbadolato/iTerm2-Color-Schemes","2020-09-16T18:54:23Z"
"psf/black","2020-09-16T21:20:48Z"
"keon/algorithms","2020-09-16T20:43:35Z"
"Seldaek/monolog","2020-09-16T20:19:06Z"
"hashicorp/vault","2020-09-16T21:59:12Z"
"immerjs/immer","2020-09-16T20:24:21Z"
"parse-community/parse-server","2020-09-16T18:43:02Z"
"Popmotion/popmotion","2020-09-16T18:07:16Z"
"SnapKit/Masonry","2020-09-16T03:11:38Z"
"xkcoding/spring-boot-demo","2020-09-16T20:29:03Z"
"dhg/Skeleton","2020-09-16T19:06:24Z"
"laurent22/joplin","2020-09-16T21:32:57Z"
"YMFE/yapi","2020-09-16T13:14:34Z"
"davideuler/architecture.of.internet-product","2020-09-16T08:55:01Z"
"localForage/localForage","2020-09-16T16:28:25Z"
"viatsko/awesome-vscode","2020-09-16T20:12:12Z"
"stedolan/jq","2020-09-16T20:36:12Z"
"matterport/Mask_RCNN","2020-09-16T21:00:03Z"
"facebook/rocksdb","2020-09-16T21:52:32Z"
"ruanyf/jstraining","2020-09-16T14:24:27Z"
"servo/servo","2020-09-16T21:34:04Z"
"google/python-fire","2020-09-16T20:47:17Z"
"jcjohnson/neural-style","2020-09-16T20:13:56Z"
"square/picasso","2020-09-16T10:59:58Z"
"lovell/sharp","2020-09-16T21:54:11Z"
"alibaba/weex","2020-09-16T12:34:11Z"
"Homebrew/homebrew-cask","2020-09-16T21:15:42Z"
"yeasy/docker_practice","2020-09-16T10:14:57Z"
"libgdx/libgdx","2020-09-16T18:44:35Z"
"tobiasahlin/SpinKit","2020-09-16T20:50:03Z"
"elixir-lang/elixir","2020-09-16T20:01:22Z"
"vuejs/vuepress","2020-09-16T21:57:11Z"
"typescript-cheatsheets/react","2020-09-16T21:17:30Z"
"necolas/react-native-web","2020-09-16T21:33:49Z"
"TeamStuQ/skill-map","2020-09-16T18:27:28Z"
"kilimchoi/engineering-blogs","2020-09-16T17:45:27Z"
"jesseduffield/lazygit","2020-09-16T21:27:51Z"
"ruby/ruby","2020-09-16T20:52:56Z"
"jhipster/generator-jhipster","2020-09-16T21:17:25Z"
"getredash/redash","2020-09-16T21:50:22Z"
"airyland/vux","2020-09-16T14:29:34Z"
"drduh/macOS-Security-and-Privacy-Guide","2020-09-16T10:57:05Z"
"seata/seata","2020-09-16T20:41:57Z"
"nikitavoloboev/my-mac-os","2020-09-16T20:23:37Z"
"explosion/spaCy","2020-09-16T16:01:12Z"
"npm/npm","2020-09-16T15:48:44Z"
"google/googletest","2020-09-16T21:23:42Z"
"reduxjs/reselect","2020-09-16T21:50:27Z"
"goldfire/howler.js","2020-09-16T18:43:31Z"
"osquery/osquery","2020-09-16T21:33:17Z"
"chrisbanes/PhotoView","2020-09-16T15:44:27Z"
"BoostIO/Boostnote","2020-09-16T11:26:31Z"
"eslint/eslint","2020-09-16T20:01:41Z"
"commaai/openpilot","2020-09-16T21:16:26Z"
"geekxh/hello-algorithm","2020-09-16T17:00:09Z"
"hollischuang/toBeTopJavaer","2020-09-16T16:20:07Z"
"benweet/stackedit","2020-09-16T14:00:09Z"
"zhaoolee/ChromeAppHeroes","2020-09-16T07:45:10Z"
"highlightjs/highlight.js","2020-09-16T21:18:35Z"
"vuejs/vue-router","2020-09-16T16:58:58Z""nameWithOwner","updatedAt"
"ApolloAuto/apollo","2020-09-16T20:59:28Z"
"rwaldron/idiomatic.js","2020-09-16T19:57:27Z"
"Binaryify/NeteaseCloudMusicApi","2020-09-16T15:40:59Z"
"rust-unofficial/awesome-rust","2020-09-16T20:44:44Z"
"prisma/prisma1","2020-09-15T23:32:13Z"
"gfwlist/gfwlist","2020-09-16T10:04:38Z"
"kelthuzadx/hosts","2020-09-15T05:43:22Z"
"alibaba/easyexcel","2020-09-16T15:41:17Z"
"qiurunze123/miaosha","2020-09-16T16:15:41Z"
"microsoft/CNTK","2020-09-16T13:40:40Z"
"apache/kafka","2020-09-16T21:57:31Z"
"facebook/flux","2020-09-16T20:57:09Z"
"SnapKit/SnapKit","2020-09-16T21:34:43Z"
"marktext/marktext","2020-09-16T18:07:50Z"
"nicolargo/glances","2020-09-16T20:05:47Z"
"fabricjs/fabric.js","2020-09-16T13:13:07Z"
"eriklindernoren/ML-From-Scratch","2020-09-16T20:25:58Z"
"julianshapiro/velocity","2020-09-16T19:33:00Z"
"nostra13/Android-Universal-Image-Loader","2020-09-16T14:26:45Z"
"git-tips/tips","2020-09-16T13:59:36Z"
"palantir/blueprint","2020-09-16T14:11:10Z"
"wuyouzhuguli/SpringAll","2020-09-16T17:22:07Z"
"onevcat/Kingfisher","2020-09-16T15:57:50Z"
"defunkt/jquery-pjax","2020-09-16T13:59:55Z"
"graphql/graphql-js","2020-09-16T20:21:02Z"
"sebastianruder/NLP-progress","2020-09-16T20:45:20Z"
"facebook/hhvm","2020-09-16T21:53:05Z"
"halo-dev/halo","2020-09-16T16:13:51Z"
"wekan/wekan","2020-09-16T21:19:55Z"
"adobe-fonts/source-code-pro","2020-09-15T14:38:02Z"
"angular/material","2020-09-16T16:37:44Z"
"uglide/RedisDesktopManager","2020-09-16T14:39:26Z"
"sebastianbergmann/phpunit","2020-09-16T17:18:24Z"
"InterviewMap/CS-Interview-Knowledge-Map","2020-09-16T08:47:22Z"
"Micropoor/Micro8","2020-09-16T08:43:12Z"
"swisskyrepo/PayloadsAllTheThings","2020-09-16T21:40:28Z"
"wenyan-lang/wenyan","2020-09-16T11:13:20Z"
"judasn/IntelliJ-IDEA-Tutorial","2020-09-16T15:09:16Z"
"wangzheng0822/algo","2020-09-16T13:15:41Z"
"microsoft/playwright","2020-09-16T21:07:33Z"
"vercel/pkg","2020-09-16T14:15:15Z"
"less/less.js","2020-09-15T23:19:24Z"
"facebook/fresco","2020-09-16T12:49:41Z"
"google/ExoPlayer","2020-09-16T20:21:25Z"
"js-cookie/js-cookie","2020-09-16T11:23:30Z"
"uikit/uikit","2020-09-16T19:22:15Z"
"validatorjs/validator.js","2020-09-16T17:02:14Z"
"notable/notable","2020-09-16T19:14:44Z"
"quasarframework/quasar","2020-09-16T20:00:22Z"
"microsoft/api-guidelines","2020-09-16T21:58:20Z"
"jesseduffield/lazydocker","2020-09-16T18:48:40Z"
"twitter/typeahead.js","2020-09-15T12:52:51Z"
"JacksonTian/fks","2020-09-16T08:55:35Z"
"jenkinsci/jenkins","2020-09-16T18:51:57Z"
"reactnativecn/react-native-guide","2020-09-15T07:37:03Z"
"StevenBlack/hosts","2020-09-16T19:01:13Z"
"eggjs/egg","2020-09-16T15:59:55Z"
"winstonjs/winston","2020-09-16T20:13:31Z"
"mojs/mojs","2020-09-16T07:42:28Z"
"swoole/swoole-src","2020-09-16T20:31:32Z"
"ElemeFE/mint-ui","2020-09-16T08:22:33Z"
"HelloZeroNet/ZeroNet","2020-09-16T14:33:43Z"
"datasciencemasters/go","2020-09-16T20:09:24Z"
"nosir/cleave.js","2020-09-16T21:52:12Z"
"portainer/portainer","2020-09-16T13:46:30Z"
"sirupsen/logrus","2020-09-16T18:10:28Z"
"v8/v8","2020-09-16T17:45:15Z"
"google/flexbox-layout","2020-09-16T20:46:00Z"
"jtoy/awesome-tensorflow","2020-09-16T18:39:03Z"
"alsotang/node-lessons","2020-09-16T13:59:48Z"
"1c7/chinese-independent-developer","2020-09-16T04:33:59Z"
"ChristosChristofidis/awesome-deep-learning","2020-09-16T17:27:55Z"
"libuv/libuv","2020-09-16T16:06:43Z"
"mysqljs/mysql","2020-09-16T19:22:11Z"
"Kotlin/anko","2020-09-16T21:33:03Z"
"tqdm/tqdm","2020-09-16T20:28:39Z"
"FelisCatus/SwitchyOmega","2020-09-16T07:42:53Z"
"celery/celery","2020-09-16T09:50:54Z"
"GitSquared/edex-ui","2020-09-16T21:12:53Z"
"MLEveryday/100-Days-Of-ML-Code","2020-09-16T13:07:22Z"
"popperjs/popper-core","2020-09-16T19:34:44Z"
"fastify/fastify","2020-09-16T19:42:27Z"
"0xd4d/dnSpy","2020-09-16T13:02:20Z"
"jdg/MBProgressHUD","2020-09-15T15:29:54Z"
"electron-react-boilerplate/electron-react-boilerplate","2020-09-16T13:53:22Z"
"framework7io/framework7","2020-09-16T10:29:32Z"
"alibaba/canal","2020-09-16T13:31:02Z"
"android/plaid","2020-09-16T05:03:13Z"
"sideway/joi","2020-09-16T20:35:59Z"
"vuejs/vue-next","2020-09-16T20:19:41Z"
"phoenixframework/phoenix","2020-09-16T20:01:10Z"
"hubotio/hubot","2020-09-16T19:22:12Z"
"dwmkerr/hacker-laws","2020-09-16T16:49:00Z"
"magenta/magenta","2020-09-16T16:58:26Z"
"jashkenas/coffeescript","2020-09-16T18:13:22Z"
"alibaba/ice","2020-09-16T15:06:45Z"
"shuzheng/zheng","2020-09-16T07:04:57Z"
"facebook/folly","2020-09-16T18:13:34Z"
"n0shake/Public-APIs","2020-09-16T19:58:05Z"
"alibaba/spring-cloud-alibaba","2020-09-16T13:45:11Z""nameWithOwner","updatedAt"
"xuxueli/xxl-job","2020-09-16T13:15:04Z"
"looly/hutool","2020-09-16T14:51:24Z"
"fish-shell/fish-shell","2020-09-16T21:39:03Z"
"handlebars-lang/handlebars.js","2020-09-16T15:39:05Z"
"PHPMailer/PHPMailer","2020-09-16T20:31:38Z"
"didi/DoraemonKit","2020-09-16T16:42:06Z"
"basecamp/trix","2020-09-16T21:37:30Z"
"reddit-archive/reddit","2020-09-16T15:47:03Z"
"viraptor/reverse-interview","2020-09-16T12:15:52Z"
"gto76/python-cheatsheet","2020-09-16T19:06:48Z"
"streamich/react-use","2020-09-16T19:23:31Z"
"homebridge/homebridge","2020-09-16T19:20:55Z"
"jamiebuilds/react-loadable","2020-09-16T18:27:52Z"
"iissnan/hexo-theme-next","2020-09-14T20:52:58Z"
"microsoft/MS-DOS","2020-09-16T20:34:23Z"
"rubocop-hq/ruby-style-guide","2020-09-16T19:52:25Z"
"nuysoft/Mock","2020-09-16T19:37:13Z"
"tsenart/vegeta","2020-09-16T20:00:19Z"
"bazelbuild/bazel","2020-09-16T19:33:12Z"
"statsd/statsd","2020-09-16T14:40:31Z"
"visionmedia/superagent","2020-09-16T19:22:11Z"
"Eugeny/terminus","2020-09-16T18:51:53Z"
"Tencent/tinker","2020-09-16T12:05:46Z"
"ruanyf/react-demos","2020-09-16T19:38:48Z"
"reduxjs/redux-thunk","2020-09-16T18:29:16Z"
"sindresorhus/quick-look-plugins","2020-09-16T22:00:30Z"
"Awesome-HarmonyOS/HarmonyOS","2020-09-16T20:40:37Z"
"dotnet-architecture/eShopOnContainers","2020-09-16T18:21:09Z"
"Developer-Y/cs-video-courses","2020-09-16T18:23:02Z"
"nostalgic-css/NES.css","2020-09-16T16:46:43Z"
"rancher/rancher","2020-09-16T19:32:23Z"
"ipader/SwiftGuide","2020-09-16T12:55:22Z"
"google/eng-practices","2020-09-16T19:22:38Z"
"enyo/dropzone","2020-09-16T12:38:18Z"
"crystal-lang/crystal","2020-09-16T18:16:26Z"
"mxgmn/WaveFunctionCollapse","2020-09-16T19:28:14Z"
"bower/bower","2020-09-16T14:54:43Z"
"mozilla/DeepSpeech","2020-09-16T21:22:28Z"
"dennybritz/reinforcement-learning","2020-09-16T19:15:15Z"
"iview/iview-admin","2020-09-16T17:48:54Z"
"libra/libra","2020-09-16T21:56:04Z"
"dvajs/dva","2020-09-16T12:51:29Z"
"chalk/chalk","2020-09-16T19:34:19Z"
"docsifyjs/docsify","2020-09-16T19:23:14Z"
"jeromeetienne/AR.js","2020-09-16T15:57:26Z"
"PKUanonym/REKCARC-TSC-UHT","2020-09-16T13:51:24Z"
"google/flatbuffers","2020-09-16T21:08:39Z"
"dbeaver/dbeaver","2020-09-16T18:45:04Z"
"zhangdaiscott/jeecg-boot","2020-09-16T14:20:39Z"
"chaozh/awesome-blockchain-cn","2020-09-16T14:11:37Z"
"eligrey/FileSaver.js","2020-09-16T16:04:00Z"
"shieldfy/API-Security-Checklist","2020-09-16T15:09:39Z"
"zyedidia/micro","2020-09-16T15:52:05Z"
"HubSpot/pace","2020-09-16T20:57:20Z"
"youzan/vant","2020-09-16T21:52:51Z"
"facebook/relay","2020-09-16T20:36:11Z"
"jasmine/jasmine","2020-09-16T11:07:31Z"
"sharkdp/fd","2020-09-16T18:27:47Z"
"joewalnes/websocketd","2020-09-16T16:31:48Z"
"desandro/masonry","2020-09-16T17:25:26Z"
"forem/forem","2020-09-16T21:59:24Z"
"datawhalechina/pumpkin-book","2020-09-16T15:35:06Z"
"material-components/material-components-web","2020-09-16T21:05:05Z"
"CarGuo/GSYVideoPlayer","2020-09-16T14:21:48Z"
"numpy/numpy","2020-09-16T21:03:51Z"
"kriskowal/q","2020-09-16T08:54:56Z"
"zziz/pwc","2020-09-16T12:07:06Z"
"instillai/TensorFlow-Course","2020-09-16T16:13:00Z"
"wagerfield/parallax","2020-09-16T21:06:03Z"
"cjbarber/ToolsOfTheTrade","2020-09-16T21:32:08Z"
"elastic/kibana","2020-09-16T20:24:19Z"
"websockets/ws","2020-09-16T15:19:01Z"
"leereilly/games","2020-09-16T10:49:06Z"
"recharts/recharts","2020-09-16T13:27:34Z"
"madrobby/zepto","2020-09-15T06:16:50Z"
"PostgREST/postgrest","2020-09-16T14:36:04Z"
"Tencent/mars","2020-09-16T08:46:43Z"
"keystonejs/keystone-classic","2020-09-16T21:36:06Z"
"adam-golab/react-developer-roadmap","2020-09-16T15:19:05Z"
"designmodo/Flat-UI","2020-09-16T19:06:43Z"
"DrKLO/Telegram","2020-09-16T10:42:55Z"
"svg/svgo","2020-09-16T19:06:04Z"
"ionic-team/ionicons","2020-09-16T10:13:02Z"
"zsh-users/zsh-autosuggestions","2020-09-16T17:19:57Z"
"yabwe/medium-editor","2020-09-16T15:34:25Z"
"sherlock-project/sherlock","2020-09-16T20:23:31Z"
"oxford-cs-deepnlp-2017/lectures","2020-09-16T06:17:45Z"
"apollographql/apollo-client","2020-09-16T21:13:14Z"
"briannesbitt/Carbon","2020-09-16T20:19:07Z"
"jsdom/jsdom","2020-09-16T17:54:35Z"
"envoyproxy/envoy","2020-09-16T21:38:34Z"
"AllThingsSmitty/css-protips","2020-09-16T10:10:28Z"
"cocos2d/cocos2d-x","2020-09-16T13:54:14Z"
"limetext/lime","2020-09-16T18:54:20Z"
"apache/skywalking","2020-09-16T15:05:51Z"
"nswbmw/N-blog","2020-09-16T12:33:08Z"
"SpaceVim/SpaceVim","2020-09-16T14:24:24Z"
"ccxt/ccxt","2020-09-16T21:52:51Z"
"angular-ui/bootstrap","2020-09-16T19:25:36Z"
"acdlite/recompose","2020-09-16T18:09:59Z""nameWithOwner","updatedAt"
"charlax/professional-programming","2020-09-16T20:16:01Z"
"binux/pyspider","2020-09-16T11:48:42Z"
"go-delve/delve","2020-09-16T11:20:43Z"
"spf13/spf13-vim","2020-09-16T13:09:17Z"
"altercation/solarized","2020-09-15T14:54:03Z"
"hackiftekhar/IQKeyboardManager","2020-09-16T21:22:34Z"
"Shopify/draggable","2020-09-16T14:11:33Z"
"vadimdemedes/ink","2020-09-16T15:35:17Z"
"kdeldycke/awesome-falsehood","2020-09-16T21:31:22Z"
"airbnb/react-sketchapp","2020-09-16T13:39:52Z"
"rough-stuff/rough","2020-09-16T14:26:42Z"
"pubkey/rxdb","2020-09-16T20:30:00Z"
"android10/Android-CleanArchitecture","2020-09-16T14:56:27Z"
"infernojs/inferno","2020-09-16T20:15:12Z"
"hzlzh/Best-App","2020-09-16T09:31:27Z"
"huihut/interview","2020-09-16T20:17:17Z"
"urfave/cli","2020-09-16T16:24:32Z"
"Kong/insomnia","2020-09-16T21:10:16Z"
"trekhleb/homemade-machine-learning","2020-09-16T15:06:11Z"
"Awesome-Windows/Awesome","2020-09-16T20:08:36Z"
"twbs/ratchet","2020-09-15T23:20:02Z"
"yudai/gotty","2020-09-16T07:57:33Z"
"dotnet/core","2020-09-16T21:01:58Z"
"ipython/ipython","2020-09-16T12:21:13Z"
"helm/charts","2020-09-16T20:52:58Z"
"hwdsl2/setup-ipsec-vpn","2020-09-16T11:55:39Z"
"react-dnd/react-dnd","2020-09-16T15:53:20Z"
"redisson/redisson","2020-09-16T12:57:17Z"
"riot/riot","2020-09-16T12:54:51Z"
"braydie/HowToBeAProgrammer","2020-09-16T18:43:21Z"
"WordPress/WordPress","2020-09-16T19:29:18Z"
"2dust/v2rayN","2020-09-16T15:28:57Z"
"mybatis/mybatis-3","2020-09-16T19:04:40Z"
"tj/git-extras","2020-09-16T15:04:04Z"
"dianping/cat","2020-09-16T09:13:26Z"
"GeekyAnts/NativeBase","2020-09-16T19:22:27Z"
"electronicarts/CnC_Remastered_Collection","2020-09-16T17:03:26Z"
"luong-komorebi/Awesome-Linux-Software","2020-09-16T06:55:11Z"
"vim-airline/vim-airline","2020-09-16T13:39:22Z"
"micro/go-micro","2020-09-16T12:09:10Z"
"handsontable/handsontable","2020-09-16T10:49:04Z"
"linlinjava/litemall","2020-09-16T16:31:40Z"
"getlantern/download","2020-09-16T16:40:28Z"
"react-hook-form/react-hook-form","2020-09-16T22:00:05Z"
"rancher/k3s","2020-09-16T17:53:12Z"
"toml-lang/toml","2020-09-16T21:02:18Z"
"facebook/prepack","2020-09-16T19:22:26Z"
"forezp/SpringCloudLearning","2020-09-16T11:50:51Z"
"apache/flink","2020-09-16T16:17:35Z"
"academic/awesome-datascience","2020-09-16T18:46:04Z"
"pytorch/examples","2020-09-16T22:01:09Z"
"alibaba/nacos","2020-09-16T14:20:48Z"
"menzi11/BullshitGenerator","2020-09-16T06:20:27Z"
"aFarkas/lazysizes","2020-09-16T19:35:35Z"
"preservim/nerdtree","2020-09-16T14:04:48Z"
"deezer/spleeter","2020-09-16T17:34:51Z"
"marmelab/react-admin","2020-09-16T13:58:31Z"
"huge-success/sanic","2020-09-16T19:41:08Z"
"janl/mustache.js","2020-09-16T17:04:22Z"
"realm/realm-cocoa","2020-09-16T21:09:10Z"
"philc/vimium","2020-09-16T16:24:13Z"
"css-modules/css-modules","2020-09-16T21:41:38Z"
"norvig/pytudes","2020-09-16T15:45:10Z"
"bitcoinbook/bitcoinbook","2020-09-16T20:33:10Z"
"bokeh/bokeh","2020-09-16T21:53:17Z"
"dgraph-io/dgraph","2020-09-16T21:06:06Z"
"typicode/lowdb","2020-09-16T18:51:20Z"
"nfl/react-helmet","2020-09-16T17:55:10Z"
"fbsamples/f8app","2020-09-16T10:13:16Z"
"Carthage/Carthage","2020-09-16T21:54:08Z"
"wangshub/wechat_jump_game","2020-09-16T16:48:50Z"
"tensorflow/tfjs","2020-09-16T20:50:24Z"
"michalsnik/aos","2020-09-16T21:03:22Z"
"processing/p5.js","2020-09-16T21:35:17Z"
"jumpserver/jumpserver","2020-09-16T16:08:45Z"
"fivethirtyeight/data","2020-09-16T20:22:59Z"
"oblador/react-native-vector-icons","2020-09-16T20:51:25Z"
"ehang-io/nps","2020-09-16T15:00:25Z"
"DIYgod/RSSHub","2020-09-16T20:57:47Z"
"yaronn/blessed-contrib","2020-09-16T17:40:58Z"
"realm/SwiftLint","2020-09-16T16:26:03Z"
"haoel/leetcode","2020-09-16T15:58:58Z"
"angular-ui/ui-router","2020-09-12T13:44:53Z"
"facert/awesome-spider","2020-09-16T17:27:26Z"
"PerfectlySoft/Perfect","2020-09-16T19:22:25Z"
"ShareX/ShareX","2020-09-16T21:32:50Z"
"openssl/openssl","2020-09-16T21:20:01Z"
"locustio/locust","2020-09-16T16:42:37Z"
"ampproject/amphtml","2020-09-16T21:42:16Z"
"jitsi/jitsi-meet","2020-09-16T21:43:54Z"
"apache/incubator-weex","2020-09-16T15:20:34Z"
"cool-RR/PySnooper","2020-09-16T12:38:34Z"
"winterbe/java8-tutorial","2020-09-16T21:15:43Z"
"hemanth/functional-programming-jargon","2020-09-15T15:38:22Z"
"MengTo/Spring","2020-09-16T15:58:59Z"
"nginx-proxy/nginx-proxy","2020-09-16T20:08:32Z"
"LingCoder/OnJava8","2020-09-16T17:06:06Z"
"brettwooldridge/HikariCP","2020-09-16T15:26:15Z"
"spotify/luigi","2020-09-16T15:08:45Z"
"alibaba/Sentinel","2020-09-16T20:55:59Z"